earthRadiusKm: 6371
geofenceCenterLatitude: 45.07088725332156
geofenceCenterLongitude: 7.673259840085279
geofenceRadiusKm: 1.0
mostFrequentedAreaRadiusKm: 1.0 #Optional
